
 Playing: 2961.svg
 ╭────────────────────────────────────────────────────────────────────────────╮
 │                                                                            │
 │ Loading...                                                                 │
 │                                                                            │
 ╰────────────────────────────────────────────────────────────────────────────╯

[2K[1A[2K[1A[2K[1A[2K[1A[2K[1A[2K[1A[2K[1A[2K[1A[2K[G
 Playing: 2961.svg
 ╭────────────────────────────────────────────────────────────────────────────╮
 │                                                                            │
 │ [48;2;0;0;0m[38;2;0;0;0m▄▄▄▄▄▄▄▄▄▄▄▄▄▄▄▄▄▄▄▄▄▄▄▄▄▄▄▄▄▄▄▄▄▄▄▄▄▄▄▄▄▄▄▄▄▄▄▄▄▄▄▄▄▄▄▄▄▄▄▄▄▄▄▄▄▄▄▄▄▄▄▄▄▄[39m[49m │
 │ [48;2;0;0;0m[38;2;0;0;0m▄▄▄▄▄▄[39m[49m                                                                     │
 │ [48;2;0;0;0m[38;2;0;0;0m▄▄▄▄▄▄▄▄▄▄▄▄▄▄▄▄▄▄▄▄▄▄▄▄▄▄▄▄▄▄▄▄▄▄▄▄▄▄▄▄[38;2;86;116;68m▄[38;2;118;149;93m▄[38;2;83;111;65m▄[38;2;43;61;32m▄[38;2;0;1;0m▄[38;2;0;0;0m▄▄▄▄▄▄▄▄▄▄▄▄▄▄▄▄▄▄▄▄▄▄▄▄▄▄▄▄▄[39m[49m │
 │ [48;2;0;0;0m[38;2;0;0;0m▄▄▄▄▄▄[39m[49m                                                                     │
 │ [48;2;0;0;0m[38;2;0;0;0m▄▄▄▄▄▄▄▄▄▄▄▄▄▄▄▄▄▄▄▄▄▄▄▄▄▄▄▄▄▄▄▄▄▄▄▄▄▄▄▄[48;2;4;7;3m▄[48;2;158;184;113m[38;2;0;1;0m▄[48;2;253;235;172m[38;2;137;161;79m▄[48;2;252;233;163m[38;2;251;226;135m▄[48;2;230;222;139m[38;2;250;223;127m▄[48;2;164;182;95m[38;2;250;221;118m▄[48;2;93;117;50m[38;2;249;219;108m▄[48;2;8;13;4m[38;2;231;210;92m▄[48;2;0;0;0m[38;2;134;152;48m▄[38;2;25;34;8m▄[38;2;0;0;0m▄▄▄▄▄▄▄▄▄▄▄▄▄▄▄▄▄▄▄▄▄▄▄▄[39m[49m │
 │ [48;2;0;0;0m[38;2;0;0;0m▄▄▄▄▄▄[39m[49m                                                                     │
 │ [48;2;0;0;0m[38;2;0;0;0m▄▄▄▄▄▄▄▄▄▄▄▄▄▄▄▄▄▄▄▄▄▄▄▄[38;2;3;5;2m▄[38;2;35;48;18m▄[38;2;58;77;26m▄[38;2;65;84;26m▄[38;2;70;90;24m▄[38;2;64;81;17m▄[38;2;0;32;0m▄[38;2;0;6;0m▄[38;2;0;0;0m▄▄▄▄▄▄▄▄▄▄▄[48;2;145;164;63m[38;2;0;2;0m▄[48;2;249;216;100m[38;2;171;177;50m▄[48;2;248;214;90m[38;2;247;207;63m▄[48;2;248;211;82m[38;2;246;204;54m▄[48;2;247;209;72m[38;2;246;202;45m▄[48;2;247;207;63m[38;2;245;199;36m▄[48;2;231;200;50m[38;2;245;197;27m▄[48;2;104;121;19m[38;2;238;191;17m▄[48;2;1;2;0m[38;2;23;123;0m▄[48;2;0;0;0m[38;2;0;15;0m▄[38;2;0;0;0m▄▄▄▄▄▄▄▄▄▄▄▄▄▄▄▄▄▄▄▄▄[39m[49m │
 │ [48;2;0;0;0m[38;2;0;0;0m▄▄▄▄▄▄[39m[49m                                                                     │
 │ [48;2;0;0;0m[38;2;0;0;0m▄▄▄▄▄▄▄▄▄▄▄▄▄▄▄▄[38;2;4;7;3m▄[38;2;69;95;55m▄[38;2;151;179;114m▄[48;2;1;2;1m[38;2;230;227;162m▄[48;2;50;70;36m[38;2;252;233;164m▄[48;2;109;137;72m[38;2;252;229;149m▄[48;2;168;186;102m[38;2;251;226;134m▄[48;2;216;213;119m[38;2;250;222;120m▄[48;2;246;221;123m[38;2;249;218;105m▄[48;2;250;219;110m[38;2;248;214;91m▄[48;2;249;215;96m[38;2;248;210;76m▄[48;2;248;211;81m[38;2;247;206;62m▄[48;2;247;207;67m[38;2;246;202;48m▄[48;2;147;167;31m[38;2;53;128;6m▄[48;2;0;157;0m[38;2;0;170;0m▄[48;2;0;144;0m[38;2;0;148;0m▄[48;2;0;120;0m[38;2;0;146;0m▄[48;2;0;87;0m▄[48;2;0;41;0m▄[48;2;0;1;0m[38;2;0;130;0m▄[48;2;0;0;0m[38;2;0;66;0m▄[38;2;0;4;0m▄[38;2;0;0;0m▄▄▄▄▄▄[48;2;15;19;2m▄[48;2;212;189;31m[38;2;57;74;2m▄[48;2;245;197;27m[38;2;244;190;0m▄[48;2;245;195;18m▄[48;2;244;192;9m[38;2;241;188;0m▄[48;2;244;190;0m[38;2;102;141;0m▄[48;2;85;136;0m[38;2;4;113;0m▄[48;2;14;140;0m[38;2;23;161;0m▄[48;2;5;127;0m[38;2;7;147;0m▄[48;2;0;16;0m[38;2;0;122;0m▄[48;2;0;0;0m[38;2;0;7;0m▄[38;2;0;0;0m▄▄▄▄▄▄▄▄▄▄▄▄▄▄▄▄▄▄▄[39m[49m │
 │ [48;2;0;0;0m[38;2;0;0;0m▄▄▄▄▄▄[39m[49m                                                                     │
 │ [48;2;0;0;0m[38;2;0;0;0m▄▄▄▄▄▄▄▄▄▄▄▄▄▄▄▄[48;2;0;1;0m▄[48;2;12;21;9m▄[48;2;29;48;20m▄[48;2;45;72;28m▄[48;2;70;100;40m▄[48;2;113;136;58m▄[48;2;156;172;71m▄[48;2;208;203;84m[38;2;0;1;0m▄[48;2;248;213;86m[38;2;34;54;9m▄[48;2;247;209;71m[38;2;110;130;23m▄[48;2;247;205;57m[38;2;213;189;32m▄[48;2;246;201;43m[38;2;237;192;22m▄[48;2;226;189;25m[38;2;46;121;1m▄[48;2;2;104;0m[38;2;0;137;0m▄[48;2;0;181;0m[38;2;0;177;0m▄[48;2;0;149;0m[38;2;0;146;0m▄[48;2;0;146;0m▄▄▄▄▄[48;2;0;127;0m▄[48;2;0;40;0m▄[48;2;0;0;0m[38;2;0;76;0m▄[38;2;0;1;0m▄[38;2;0;0;0m▄▄▄▄▄[48;2;141;151;0m[38;2;13;52;0m▄[48;2;135;151;0m[38;2;8;158;0m▄[48;2;23;112;0m[38;2;13;165;0m▄[48;2;5;123;0m[38;2;17;165;0m▄[48;2;19;157;0m[38;2;15;157;0m▄[48;2;23;159;0m[38;2;4;148;0m▄[48;2;1;146;0m[38;2;0;146;0m▄[48;2;0;146;0m▄[48;2;0;95;0m[38;2;0;139;0m▄[48;2;0;1;0m[38;2;0;52;0m▄[48;2;0;0;0m[38;2;0;0;0m▄▄▄▄▄▄▄▄▄▄▄▄▄▄▄▄▄▄[39m[49m │
 │ [48;2;0;0;0m[38;2;0;0;0m▄▄▄▄▄▄[39m[49m                                                                     │
 │ [48;2;0;0;0m[38;2;0;0;0m▄▄▄▄▄▄▄▄▄▄▄▄▄▄▄▄▄▄▄▄▄▄▄▄▄▄[48;2;3;4;0m▄[48;2;69;103;0m▄[48;2;1;130;0m[38;2;0;30;0m▄[48;2;0;180;0m[38;2;0;116;0m▄[48;2;0;154;0m[38;2;0;146;0m▄[48;2;0;146;0m▄▄▄▄▄▄▄▄▄[48;2;0;92;0m▄[48;2;0;1;0m[38;2;0;83;0m▄[48;2;0;0;0m[38;2;0;0;0m▄▄▄▄▄[48;2;0;102;0m[38;2;0;43;0m▄[48;2;0;146;0m[38;2;0;145;0m▄[38;2;0;144;0m▄[48;2;0;145;0m▄▄▄[48;2;0;144;0m▄[48;2;0;140;0m[38;2;0;143;0m▄[48;2;1;114;1m[38;2;2;123;2m▄[48;2;0;6;0m[38;2;1;64;2m▄[48;2;0;0;0m[38;2;0;0;0m▄▄▄▄▄▄▄▄▄▄▄▄▄▄▄▄▄[39m[49m │
 │ [48;2;0;0;0m[38;2;0;0;0m▄▄▄▄▄▄[39m[49m                                                                     │
 │ [48;2;0;0;0m[38;2;0;0;0m▄▄▄▄▄▄▄▄▄▄▄▄▄▄▄▄▄▄▄▄▄▄▄▄▄▄▄▄▄[48;2;0;3;0m▄[48;2;0;102;0m[38;2;0;8;0m▄[48;2;0;146;0m[38;2;0;125;0m▄[38;2;0;146;0m▄▄▄▄▄[38;2;0;145;0m▄▄▄[38;2;0;144;0m▄[48;2;0;129;1m[38;2;0;130;0m▄[48;2;18;76;20m[38;2;5;112;6m▄[48;2;0;0;0m[38;2;84;115;89m▄[38;2;11;12;12m▄[38;2;0;0;0m▄▄[48;2;0;3;0m▄[48;2;0;138;0m[38;2;0;109;0m▄[48;2;0;143;0m[38;2;0;142;0m▄▄▄▄[48;2;0;142;0m▄[38;2;0;141;0m▄[48;2;1;124;1m[38;2;0;127;1m▄[48;2;5;104;5m[38;2;6;110;6m▄[48;2;0;3;0m[38;2;2;45;2m▄[48;2;0;0;0m[38;2;0;0;0m▄▄▄▄▄▄▄▄▄▄▄▄▄▄▄▄[39m[49m │
 │ [48;2;0;0;0m[38;2;0;0;0m▄▄▄▄▄▄[39m[49m                                                                     │
 │ [48;2;0;0;0m[38;2;0;0;0m▄▄▄▄▄▄▄▄▄▄▄[38;2;3;5;2m▄[38;2;38;53;21m▄[38;2;62;83;32m▄[38;2;73;95;33m▄[38;2;76;99;32m▄[38;2;26;80;9m▄[38;2;0;30;0m▄[38;2;0;3;0m▄[38;2;0;0;0m▄▄▄▄▄▄▄▄▄▄▄▄[48;2;0;45;0m[38;2;0;1;0m▄[48;2;0;145;0m[38;2;5;129;5m▄[38;2;0;144;0m▄▄▄[48;2;0;144;0m[38;2;0;143;0m▄▄▄▄[38;2;0;142;0m▄[48;2;0;134;0m[38;2;0;138;0m▄[48;2;3;114;4m[38;2;2;116;2m▄[48;2;33;115;34m[38;2;8;101;10m▄[48;2;174;183;184m[38;2;93;146;99m▄[48;2;73;76;77m[38;2;197;203;207m▄[48;2;0;0;0m[38;2;150;155;157m▄[38;2;35;37;37m▄[48;2;0;77;0m[38;2;0;53;0m▄[48;2;0;141;0m[38;2;0;140;0m▄▄▄▄[48;2;0;140;0m▄[38;2;0;139;0m▄[48;2;0;130;0m[38;2;0;135;0m▄[48;2;5;111;5m[38;2;3;114;4m▄[48;2;6;76;7m[38;2;11;92;12m▄[48;2;0;0;0m[38;2;0;0;0m▄▄▄▄▄▄▄▄▄▄▄▄▄▄▄▄[39m[49m │
 │ [48;2;0;0;0m[38;2;0;0;0m▄▄▄▄▄▄[39m[49m                                                                     │
 │ [48;2;0;0;0m[38;2;0;0;0m▄▄▄▄▄[38;2;49;68;29m▄[38;2;148;169;83m▄[48;2;8;13;5m[38;2;235;218;120m▄[48;2;71;95;43m[38;2;250;221;116m▄[48;2;141;163;79m[38;2;249;218;104m▄[48;2;204;204;105m[38;2;249;214;93m▄[48;2;243;218;112m[38;2;248;211;80m▄[48;2;249;218;104m[38;2;247;208;68m▄[48;2;249;214;93m[38;2;247;205;56m▄[48;2;248;211;80m[38;2;246;202;44m▄[48;2;247;208;68m[38;2;245;198;32m▄[48;2;33;140;7m[38;2;14;107;1m▄[48;2;0;172;0m[38;2;0;178;0m▄[48;2;0;142;0m[38;2;0;152;0m▄[48;2;0;114;0m[38;2;0;145;0m▄[48;2;0;63;0m▄[48;2;0;10;0m[38;2;0;140;0m▄[48;2;0;0;0m[38;2;0;93;0m▄[38;2;0;32;0m▄[38;2;0;0;0m▄▄▄▄▄[38;2;75;77;79m▄[48;2;12;12;13m[38;2;182;188;192m▄[48;2;114;118;121m[38;2;200;207;211m▄[48;2;113;177;119m[38;2;184;201;194m▄[48;2;0;143;0m[38;2;0;142;0m▄▄▄[48;2;0;142;0m[38;2;0;141;0m▄▄▄▄[38;2;0;140;0m▄[48;2;0;141;0m▄[48;2;1;121;1m[38;2;0;125;0m▄[48;2;6;103;8m[38;2;5;107;5m▄[48;2;26;100;28m[38;2;12;93;14m▄[48;2;191;200;200m[38;2;114;157;120m▄[48;2;195;202;205m[38;2;194;200;203m▄[48;2;191;197;200m▄[48;2;74;121;78m[38;2;140;180;147m▄[48;2;0;137;0m[38;2;0;147;0m▄[48;2;0;139;0m[38;2;0;134;0m▄[38;2;0;121;0m▄[38;2;0;120;0m▄[48;2;0;138;0m[38;2;0;134;0m▄[48;2;0;137;0m[38;2;0;152;0m▄[48;2;0;134;0m[38;2;0;150;0m▄[48;2;0;120;0m[38;2;1;123;1m▄[48;2;10;101;12m[38;2;7;104;9m▄[48;2;2;20;2m[38;2;6;51;8m▄[48;2;0;0;0m[38;2;0;0;0m▄▄▄▄▄▄▄▄▄▄▄▄▄▄▄[39m[49m │
 │ [48;2;0;0;0m[38;2;0;0;0m▄▄▄▄▄▄[39m[49m                                                                     │
 │ [48;2;0;0;0m[38;2;0;0;0m▄▄▄▄▄[48;2;34;46;15m▄[48;2;104;124;43m▄[48;2;174;178;65m▄[48;2;236;207;76m[38;2;5;5;1m▄[48;2;247;208;68m[38;2;63;72;8m▄[48;2;247;205;56m[38;2;132;141;10m▄[48;2;246;202;44m[38;2;217;185;7m▄[48;2;245;198;32m[38;2;244;190;0m▄[48;2;245;195;20m▄[48;2;244;192;8m▄[48;2;214;178;0m[38;2;112;141;0m▄[48;2;0;100;0m[38;2;0;110;0m▄[48;2;0;173;0m[38;2;0;183;0m▄[48;2;0;156;0m[38;2;0;147;0m▄[48;2;0;144;0m[38;2;0;143;0m▄▄▄▄[48;2;0;143;0m[38;2;0;142;0m▄[48;2;0;82;0m▄[48;2;0;5;0m[38;2;0;114;1m▄[48;2;0;0;0m[38;2;89;119;95m▄[48;2;37;38;39m[38;2;195;202;206m▄[48;2;153;159;162m[38;2;199;206;210m▄[48;2;200;207;211m[38;2;198;205;209m▄[48;2;199;206;210m▄[38;2;198;204;208m▄[48;2;198;205;209m[38;2;197;204;207m▄[48;2;20;147;22m[38;2;25;147;26m▄[48;2;0;139;0m[38;2;0;144;0m▄[48;2;0;138;0m[38;2;0;146;0m▄[48;2;0;134;0m[38;2;0;162;0m▄[48;2;0;128;0m[38;2;0;178;0m▄[48;2;0;145;0m[38;2;0;154;0m▄[38;2;0;139;0m▄[48;2;0;140;0m[38;2;0;138;0m▄[48;2;0;139;0m▄[48;2;0;131;0m▄[48;2;3;112;3m[38;2;1;117;1m▄[48;2;9;99;10m[38;2;6;103;7m▄[48;2;40;111;43m[38;2;11;93;13m▄[48;2;193;199;201m[38;2;143;173;150m▄[48;2;193;198;201m[38;2;192;197;199m▄[48;2;159;187;165m[38;2;154;185;160m▄[48;2;0;139;0m[38;2;0;136;0m▄[48;2;0;159;0m▄[48;2;0;178;0m▄[48;2;0;177;0m▄[48;2;0;165;0m[38;2;0;135;0m▄[48;2;0;141;0m▄[48;2;0;136;0m▄[48;2;0;129;0m▄[48;2;5;108;5m[38;2;2;113;3m▄[48;2;9;72;10m[38;2;8;92;10m▄[48;2;0;0;0m[38;2;0;0;0m▄▄▄▄▄▄▄▄▄▄▄▄▄▄▄[39m[49m │
 │ [48;2;0;0;0m[38;2;0;0;0m▄▄▄▄▄▄[39m[49m                                                                     │
 │ [48;2;0;0;0m[38;2;0;0;0m▄▄▄▄▄▄▄▄▄▄▄[48;2;3;7;0m▄[48;2;78;96;0m▄[48;2;190;173;0m▄[48;2;172;163;0m[38;2;57;97;0m▄[48;2;3;103;0m[38;2;2;156;0m▄[48;2;0;161;0m[38;2;0;171;0m▄[48;2;0;164;0m[38;2;0;143;0m▄[48;2;0;143;0m[38;2;0;142;0m▄[48;2;0;142;0m[38;2;0;141;0m▄▄▄▄[48;2;0;141;0m[38;2;0;140;0m▄▄[48;2;0;133;0m[38;2;0;139;0m▄[48;2;4;120;4m[38;2;2;118;2m▄[48;2;134;178;142m[38;2;9;112;10m▄[48;2;198;204;208m[38;2;145;180;152m▄[48;2;197;204;207m[38;2;196;202;206m▄[48;2;197;203;207m[38;2;196;202;205m▄[48;2;196;203;206m[38;2;195;202;205m▄[48;2;196;202;206m[38;2;195;201;204m▄[48;2;77;170;80m[38;2;105;171;109m▄[48;2;0;161;0m[38;2;0;138;0m▄[48;2;0;164;0m▄[48;2;0;156;0m[38;2;0;137;0m▄[48;2;0;140;0m▄[48;2;0;138;0m▄▄▄[48;2;0;137;0m[38;2;0;136;0m▄▄[48;2;0;123;0m[38;2;0;131;0m▄[48;2;4;108;4m[38;2;2;114;2m▄[48;2;8;98;9m[38;2;5;102;6m▄[48;2;61;129;65m[38;2;17;106;20m▄[48;2;190;196;198m[38;2;188;193;195m▄[48;2;146;181;151m[38;2;138;178;142m▄[48;2;0;135;0m[38;2;0;134;0m▄▄▄▄[38;2;0;133;0m▄[48;2;0;134;0m▄▄▄[48;2;1;119;1m[38;2;0;126;0m▄[48;2;5;102;6m[38;2;3;108;4m▄[48;2;0;3;0m[38;2;1;18;1m▄[48;2;0;0;0m[38;2;0;0;0m▄▄▄▄▄▄▄▄▄▄▄▄▄▄[39m[49m │
 │ [48;2;0;0;0m[38;2;0;0;0m▄▄▄▄▄▄[39m[49m                                                                     │
 │ [48;2;0;0;0m[38;2;0;0;0m▄▄▄▄▄▄▄▄▄▄▄▄▄▄▄[48;2;0;25;0m▄[48;2;0;103;0m[38;2;0;1;0m▄[48;2;0;141;0m[38;2;0;97;0m▄[38;2;0;140;0m▄[48;2;0;140;0m[38;2;0;139;0m▄▄▄▄[48;2;0;139;0m[38;2;0;138;0m▄▄▄[48;2;1;123;1m[38;2;0;133;0m▄[48;2;6;106;7m[38;2;4;111;5m▄[48;2;13;110;15m[38;2;12;98;14m▄[48;2;156;185;164m[38;2;25;120;26m▄[48;2;195;201;204m[38;2;186;197;195m▄[48;2;194;200;203m[38;2;193;199;201m▄[38;2;193;198;201m▄[48;2;105;170;110m[38;2;106;170;110m▄[48;2;0;137;0m[38;2;0;136;0m▄▄[48;2;0;136;0m[38;2;0;135;0m▄▄▄▄[48;2;0;135;0m▄[38;2;0;134;0m▄▄▄[48;2;0;120;0m[38;2;0;128;0m▄[48;2;3;108;3m[38;2;1;113;1m▄[48;2;5;102;6m[38;2;3;107;3m▄[48;2;151;176;156m[38;2;98;152;103m▄[48;2;127;173;131m[38;2;104;165;107m▄[48;2;0;133;0m[38;2;0;132;0m▄▄▄▄[48;2;0;132;0m[38;2;0;131;0m▄▄▄▄[48;2;0;131;0m▄[48;2;1;113;2m[38;2;0;119;0m▄[48;2;7;38;8m[38;2;95;142;98m▄[48;2;0;0;0m[38;2;67;68;69m▄[38;2;0;0;0m▄▄▄▄▄▄▄▄▄▄▄▄▄[39m[49m │
 │ [48;2;0;0;0m[38;2;0;0;0m▄▄▄▄▄▄[39m[49m                                                                     │
 │ [48;2;0;0;0m[38;2;0;0;0m▄▄▄▄▄▄▄▄▄▄▄▄▄▄▄[38;2;12;12;12m▄[38;2;113;117;119m▄[48;2;34;43;36m[38;2;192;198;202m▄[48;2;26;141;27m[38;2;170;193;178m▄[48;2;0;138;0m[38;2;6;139;6m▄[38;2;0;137;0m▄▄▄[48;2;0;137;0m[38;2;0;136;0m▄▄▄[38;2;0;129;0m▄[48;2;0;118;0m[38;2;0;145;0m▄[48;2;8;102;9m[38;2;3;109;3m▄[48;2;12;98;14m[38;2;13;95;15m▄[48;2;88;152;91m[38;2;8;104;9m▄[48;2;192;198;200m[38;2;161;185;167m▄[48;2;192;197;199m[38;2;190;196;198m▄[48;2;108;170;112m[38;2;103;167;106m▄[48;2;0;135;0m[38;2;0;134;0m▄▄[48;2;0;134;0m[38;2;0;133;0m▄▄▄▄[48;2;0;133;0m[38;2;0;132;0m▄▄▄▄[38;2;0;131;0m▄[48;2;0;120;0m[38;2;0;127;0m▄[48;2;1;112;2m[38;2;0;118;0m▄[48;2;54;134;55m[38;2;10;120;11m▄[48;2;81;157;84m[38;2;57;148;59m▄[48;2;0;131;0m[38;2;0;130;0m▄▄▄▄[48;2;0;130;0m▄[38;2;0;129;0m▄▄▄▄[48;2;0;128;0m[38;2;0;128;0m▄[48;2;91;152;93m[38;2;73;150;74m▄[48;2;181;184;184m[38;2;179;183;182m▄[48;2;137;140;140m[38;2;179;182;182m▄[48;2;33;33;33m[38;2;176;179;178m▄[48;2;0;0;0m[38;2;101;103;103m▄[38;2;10;10;10m▄[38;2;0;0;0m▄▄▄▄▄▄▄▄▄[39m[49m │
 │ [48;2;0;0;0m[38;2;0;0;0m▄▄▄▄▄▄[39m[49m                                                                     │
 │ [48;2;0;0;0m[38;2;0;0;0m▄▄▄▄▄▄▄▄▄▄▄▄[38;2;37;38;39m▄[38;2;150;156;158m▄[48;2;74;76;78m[38;2;195;201;204m▄[48;2;178;183;186m▄[48;2;195;202;205m[38;2;194;200;203m▄[48;2;195;201;204m▄[38;2;193;199;202m▄[48;2;75;161;79m[38;2;159;188;166m▄[48;2;0;136;0m[38;2;0;126;0m▄[38;2;0;121;0m▄▄[48;2;0;134;0m[38;2;0;133;0m▄[48;2;0;124;0m[38;2;0;155;0m▄[48;2;0;128;0m[38;2;0;164;0m▄[48;2;0;159;0m[38;2;0;140;0m▄[48;2;0;139;0m[38;2;0;133;0m▄[48;2;0;121;0m▄[48;2;6;104;7m[38;2;1;114;2m▄[48;2;8;100;10m[38;2;6;104;6m▄[48;2;54;138;55m[38;2;3;108;4m▄[48;2;189;194;196m[38;2;167;185;172m▄[48;2;84;160;86m[38;2;65;152;67m▄[48;2;0;133;0m[38;2;0;132;0m▄▄[48;2;0;132;0m[38;2;0;131;0m▄[38;2;0;129;0m▄[38;2;0;120;0m▄[38;2;0;111;0m▄[48;2;0;131;0m[38;2;0;106;0m▄[48;2;0;130;0m[38;2;0;112;0m▄[48;2;0;125;0m[38;2;0;122;0m▄[48;2;0;119;0m[38;2;0;128;0m▄[48;2;0;116;0m[38;2;0;133;0m▄[48;2;0;113;0m[38;2;0;139;0m▄[48;2;0;108;0m[38;2;0;144;0m▄[48;2;0;105;0m[38;2;0;148;0m▄[48;2;1;111;1m[38;2;0;147;0m▄[48;2;0;113;0m[38;2;0;143;0m▄[48;2;0;114;0m[38;2;0;138;0m▄[48;2;0;116;0m[38;2;0;127;0m▄[48;2;0;119;0m[38;2;0;113;0m▄[48;2;0;120;0m[38;2;0;101;0m▄[48;2;0;124;0m[38;2;0;100;0m▄[48;2;0;128;0m[38;2;0;104;0m▄[38;2;0;109;0m▄[38;2;0;115;0m▄[48;2;0;127;0m[38;2;0;121;0m▄[48;2;56;144;57m[38;2;49;140;49m▄[48;2;178;181;181m[38;2;177;180;179m▄[48;2;178;181;180m[38;2;177;179;179m▄[48;2;178;180;180m[38;2;176;179;178m▄[48;2;177;180;179m[38;2;176;178;177m▄[48;2;160;162;162m▄[48;2;65;66;66m[38;2;175;177;176m▄[48;2;0;0;0m[38;2;133;135;134m▄[38;2;31;32;32m▄[38;2;0;0;0m▄▄▄▄▄▄[39m[49m │
 │ [48;2;0;0;0m[38;2;0;0;0m▄▄▄▄▄▄[39m[49m                                                                     │
 │ [48;2;0;0;0m[38;2;0;0;0m▄▄▄▄▄▄▄▄▄[38;2;73;76;77m▄[48;2;12;12;12m[38;2;177;182;185m▄[48;2;112;116;117m[38;2;194;200;203m▄[48;2;191;197;200m[38;2;193;199;202m▄[48;2;194;200;203m[38;2;193;199;201m▄[38;2;193;198;201m▄[48;2;193;199;202m[38;2;192;198;200m▄[48;2;193;199;201m▄[48;2;193;198;201m[38;2;192;197;199m▄[48;2;192;198;200m[38;2;191;197;199m▄[38;2;191;196;198m▄[48;2;30;153;31m[38;2;97;165;102m▄[48;2;0;155;0m[38;2;0;133;0m▄[48;2;0;158;0m▄[48;2;0;154;0m[38;2;0;132;0m▄[48;2;0;147;0m▄[48;2;0;134;0m▄[48;2;0;133;0m▄[48;2;0;132;0m[38;2;0;131;0m▄▄[48;2;0;130;0m▄[48;2;2;113;2m[38;2;0;126;0m▄[48;2;3;108;3m[38;2;1;115;1m▄[48;2;92;155;96m[38;2;20;123;20m▄[48;2;46;146;48m[38;2;12;118;12m▄[48;2;0;129;0m[38;2;0;112;0m▄[48;2;0;119;0m[38;2;0;135;0m▄[48;2;0;109;0m[38;2;0;156;0m▄[48;2;0;117;0m[38;2;0;149;0m▄[48;2;0;132;0m[38;2;0;138;0m▄[48;2;0;149;0m[38;2;0;129;0m▄[48;2;0;155;0m[38;2;0;128;0m▄[48;2;0;146;0m▄[48;2;0;140;0m▄[48;2;0;134;0m▄[48;2;0;129;0m▄[48;2;0;128;0m[38;2;0;127;0m▄▄▄▄[38;2;0;126;0m▄[48;2;0;131;0m▄[48;2;0;138;0m▄[48;2;0;144;0m▄[48;2;0;150;0m▄[48;2;0;148;0m[38;2;0;125;0m▄[48;2;0;131;0m[38;2;0;131;0m▄[48;2;0;111;0m[38;2;0;143;0m▄[48;2;0;100;0m[38;2;0;150;0m▄[38;2;0;138;0m▄[48;2;10;109;10m[38;2;5;122;5m▄[48;2;176;178;177m[38;2;175;177;176m▄[38;2;174;176;175m▄[48;2;175;177;176m▄[38;2;174;176;174m▄[48;2;174;176;175m[38;2;173;175;174m▄[38;2;173;175;173m▄[48;2;174;176;174m[38;2;172;174;173m▄[48;2;170;172;171m[38;2;172;174;172m▄[48;2;98;99;98m[38;2;172;173;171m▄[48;2;10;10;10m[38;2;154;156;154m▄[48;2;0;0;0m[38;2;63;63;63m▄[38;2;0;0;0m▄▄▄[39m[49m │
 │ [48;2;0;0;0m[38;2;0;0;0m▄▄▄▄▄▄[39m[49m                                                                     │
 │ [48;2;0;0;0m[38;2;0;0;0m▄▄▄▄▄▄[38;2;101;101;102m▄[48;2;37;38;38m[38;2;187;190;192m▄[48;2;150;154;157m[38;2;193;198;201m▄[48;2;193;199;202m[38;2;192;198;200m▄[48;2;193;199;201m▄[48;2;193;198;201m[38;2;192;197;199m▄[48;2;192;198;200m[38;2;191;197;199m▄[38;2;191;196;198m▄[48;2;192;197;199m[38;2;190;196;198m▄[48;2;191;197;199m[38;2;190;195;197m▄[48;2;191;196;198m▄[48;2;190;196;198m[38;2;189;194;196m▄[48;2;190;195;197m[38;2;189;194;195m▄[38;2;188;193;195m▄[48;2;138;177;143m[38;2;175;188;181m▄[48;2;0;132;0m[38;2;0;131;0m▄▄[48;2;0;131;0m[38;2;0;130;0m▄▄▄▄[48;2;0;130;0m▄[38;2;0;129;0m▄[38;2;0;121;0m▄[48;2;0;128;0m[38;2;0;110;0m▄[48;2;0;113;0m[38;2;0;142;0m▄[48;2;0;116;0m▄[48;2;0;148;0m[38;2;0;128;0m▄[48;2;0;146;0m▄[48;2;0;131;0m▄[48;2;0;128;0m[38;2;0;127;0m▄▄▄▄[38;2;0;126;0m▄[48;2;0;127;0m▄▄▄▄[48;2;0;126;0m[38;2;0;125;0m▄▄▄▄[48;2;0;125;0m[38;2;0;124;0m▄▄▄▄[48;2;0;124;0m[38;2;0;123;0m▄▄▄▄▄[48;2;0;129;0m[38;2;0;122;0m▄[48;2;16;146;16m[38;2;22;128;22m▄[48;2;174;176;174m[38;2;172;174;173m▄[48;2;173;175;174m[38;2;172;174;172m▄[48;2;173;175;173m[38;2;172;173;171m▄[48;2;172;174;173m[38;2;171;173;171m▄[48;2;172;174;172m[38;2;171;172;170m▄[48;2;172;173;171m[38;2;170;172;170m▄[48;2;171;173;171m[38;2;170;171;169m▄[48;2;171;172;170m▄[48;2;170;172;170m[38;2;169;171;168m▄[48;2;170;171;169m[38;2;169;170;168m▄[38;2;169;170;167m▄[48;2;129;130;128m[38;2;168;169;167m▄[48;2;31;31;30m[38;2;168;168;166m▄[48;2;0;0;0m[38;2;88;88;88m▄[39m[49m │
 │ [48;2;0;0;0m[38;2;0;0;0m▄▄▄▄▄▄[39m[49m                                                                     │
 │ [48;2;0;0;0m[38;2;0;0;0m▄▄▄▄▄▄[48;2;153;153;153m[38;2;153;153;153m▄[48;2;248;249;250m[38;2;250;251;251m▄[48;2;196;198;199m[38;2;249;250;251m▄[48;2;191;197;199m[38;2;220;221;222m▄[48;2;191;196;198m[38;2;186;191;193m▄[48;2;190;196;198m[38;2;189;194;196m▄[48;2;190;195;197m[38;2;189;194;195m▄[38;2;188;193;195m▄[48;2;189;194;196m[38;2;188;193;194m▄[48;2;189;194;195m[38;2;188;192;194m▄[48;2;188;193;195m[38;2;187;192;193m▄[48;2;188;193;194m[38;2;187;191;193m▄[48;2;188;192;194m[38;2;187;191;192m▄[48;2;187;192;193m[38;2;186;191;192m▄[48;2;187;191;193m[38;2;186;190;191m▄[48;2;25;138;26m[38;2;44;143;45m▄[48;2;0;130;0m[38;2;0;129;0m▄[48;2;0;129;0m[38;2;0;128;0m▄▄▄[38;2;0;127;0m▄[48;2;0;127;0m[38;2;0;110;0m▄[48;2;0;113;0m[38;2;0;139;0m▄[48;2;0;126;0m▄[48;2;0;149;0m[38;2;0;127;0m▄[48;2;0;130;0m▄[48;2;0;127;0m[38;2;0;126;0m▄▄▄▄[48;2;0;126;0m[38;2;0;125;0m▄[38;2;0;129;0m▄[38;2;21;143;13m▄[38;2;45;155;23m▄[38;2;68;164;30m▄[48;2;0;125;0m[38;2;89;171;33m▄[38;2;92;170;27m▄[38;2;87;164;18m▄[48;2;0;124;0m[38;2;63;150;7m▄[38;2;10;142;0m▄[38;2;0;133;0m▄[38;2;0;125;0m▄[38;2;0;123;0m▄[48;2;0;123;0m[38;2;0;122;0m▄▄▄▄[38;2;0;121;0m▄[48;2;0;122;0m▄▄▄▄[48;2;0;121;0m[38;2;0;120;0m▄[48;2;15;125;15m[38;2;9;122;9m▄[48;2;171;173;171m[38;2;170;171;169m▄[48;2;171;172;170m▄[48;2;170;172;170m[38;2;169;171;168m▄[48;2;170;171;169m[38;2;169;170;168m▄[38;2;169;170;167m▄[48;2;169;171;168m[38;2;168;169;167m▄[48;2;169;170;168m[38;2;168;169;166m▄[48;2;169;170;167m[38;2;167;168;165m▄[48;2;168;169;167m▄[48;2;168;169;166m[38;2;165;165;162m▄[48;2;167;168;165m[38;2;213;214;214m▄[48;2;183;184;183m[38;2;248;249;250m▄[48;2;246;247;248m▄[48;2;135;136;137m[38;2;135;136;137m▄[39m[49m │
 │ [48;2;0;0;0m[38;2;0;0;0m▄▄▄▄▄▄[39m[49m                                                                     │
 │ [48;2;0;0;0m[38;2;0;0;0m▄▄▄▄▄▄[48;2;153;153;153m[38;2;152;153;153m▄[48;2;250;251;251m[38;2;249;251;251m▄▄▄[48;2;240;241;242m▄[48;2;184;188;189m[38;2;248;249;250m▄[48;2;188;192;194m[38;2;194;196;197m▄[48;2;187;192;193m[38;2;186;191;192m▄[48;2;187;191;193m[38;2;186;190;191m▄[48;2;187;191;192m[38;2;185;190;191m▄[48;2;186;191;192m[38;2;185;189;190m▄[48;2;186;190;191m[38;2;184;189;189m▄[48;2;185;190;191m[38;2;184;188;189m▄[48;2;185;189;190m[38;2;184;188;188m▄[48;2;184;189;189m[38;2;183;187;188m▄[48;2;58;147;60m[38;2;73;151;75m▄[48;2;0;128;0m[38;2;0;127;0m▄[48;2;0;127;0m[38;2;0;126;0m▄[38;2;0;125;0m▄[48;2;0;126;0m[38;2;0;110;0m▄[48;2;0;109;0m[38;2;0;150;0m▄[48;2;0;145;0m[38;2;0;133;0m▄[48;2;0;133;0m[38;2;0;125;0m▄[48;2;0;126;0m▄▄[38;2;0;124;0m▄[48;2;0;125;0m▄[48;2;19;138;15m▄[48;2;104;190;82m▄[48;2;190;226;150m[38;2;3;128;3m▄[48;2;227;232;163m[38;2;37;151;25m▄[48;2;247;232;159m[38;2;94;179;57m▄[48;2;251;228;142m[38;2;156;202;83m▄[48;2;250;222;123m[38;2;221;215;100m▄[48;2;249;217;103m[38;2;249;215;93m▄[48;2;248;212;83m[38;2;248;209;74m▄[48;2;247;207;63m[38;2;246;204;54m▄[48;2;246;201;44m[38;2;245;199;34m▄[48;2;127;151;12m[38;2;81;137;4m▄[48;2;45;183;0m[38;2;44;180;0m▄[48;2;14;185;0m[38;2;25;191;0m▄[48;2;0;174;0m[38;2;0;173;0m▄[48;2;0;166;0m[38;2;0;171;0m▄[48;2;0;153;0m[38;2;0;169;0m▄[48;2;0;137;0m[38;2;0;167;0m▄[48;2;0;122;0m[38;2;0;162;0m▄[48;2;0;117;0m[38;2;0;136;0m▄[48;2;0;113;0m[38;2;0;107;0m▄[48;2;0;109;0m[38;2;0;100;0m▄[48;2;0;107;0m▄[48;2;0;105;0m[38;2;0;102;0m▄[48;2;0;104;0m[38;2;0;103;0m▄[38;2;0;104;0m▄[48;2;1;105;1m[38;2;1;105;1m▄[48;2;169;170;168m[38;2;168;169;166m▄[48;2;169;170;167m[38;2;167;168;165m▄[48;2;168;169;167m▄[48;2;168;169;166m[38;2;167;167;164m▄[48;2;167;168;165m[38;2;166;167;164m▄[38;2;166;167;163m▄[48;2;167;167;164m[38;2;166;166;163m▄[48;2;166;167;164m[38;2;182;183;183m▄[48;2;168;169;166m[38;2;245;247;248m▄[48;2;237;238;239m[38;2;247;249;250m▄[48;2;248;249;250m▄▄▄[48;2;135;136;137m[38;2;135;136;137m▄[39m[49m │
 │ [48;2;0;0;0m[38;2;0;0;0m▄▄▄▄▄▄[39m[49m                                                                     │
 │ [48;2;0;0;0m[38;2;0;0;0m▄▄▄▄▄▄[48;2;152;153;153m[38;2;152;153;153m▄[48;2;249;250;251m[38;2;249;250;251m▄▄▄▄▄[48;2;249;249;250m▄[48;2;219;220;221m▄[48;2;182;185;186m[38;2;240;240;241m▄[48;2;184;188;189m[38;2;180;184;184m▄[48;2;184;188;188m[38;2;183;186;187m▄[48;2;183;187;188m[38;2;182;186;186m▄[48;2;183;187;187m[38;2;182;185;186m▄[48;2;183;186;187m[38;2;181;185;185m▄[48;2;182;186;186m[38;2;181;184;185m▄[48;2;88;154;90m[38;2;99;157;101m▄[48;2;0;126;0m[38;2;0;125;0m▄[48;2;0;125;0m[38;2;0;119;0m▄[48;2;0;112;0m[38;2;0;116;0m▄[48;2;0;135;0m[38;2;0;144;0m▄[48;2;0;136;0m[38;2;0;124;0m▄[48;2;0;124;0m[38;2;0;123;0m▄▄▄▄▄[48;2;0;123;0m[38;2;0;122;0m▄▄▄▄[48;2;0;122;0m[38;2;0;121;0m▄▄▄[48;2;0;123;0m▄[48;2;62;156;21m▄[48;2;158;189;41m[38;2;0;120;0m▄[48;2;242;201;43m[38;2;41;141;5m▄[48;2;241;193;24m[38;2;90;154;5m▄[48;2;11;110;0m[38;2;21;138;0m▄[48;2;58;206;0m[38;2;37;189;0m▄[48;2;10;179;0m[38;2;0;169;0m▄[48;2;0;170;0m[38;2;0;168;0m▄[48;2;0;168;0m[38;2;0;166;0m▄[48;2;0;166;0m[38;2;0;164;0m▄[48;2;0;164;0m[38;2;0;162;0m▄[48;2;0;163;0m[38;2;0;160;0m▄[48;2;0;161;0m[38;2;0;158;0m▄[48;2;0;158;0m[38;2;0;156;0m▄[48;2;0;134;0m[38;2;0;154;0m▄[48;2;0;118;0m[38;2;0;142;0m▄[38;2;0;118;0m▄[48;2;0;117;0m[38;2;0;117;0m▄[38;2;0;116;0m▄[48;2;5;118;5m[38;2;4;117;4m▄[48;2;167;167;164m[38;2;166;166;163m▄[48;2;166;167;164m[38;2;165;166;162m▄[48;2;166;167;163m[38;2;165;165;162m▄[48;2;166;166;163m[38;2;164;165;161m▄[48;2;165;166;162m[38;2;167;167;165m▄[48;2;163;163;160m[38;2;236;237;238m▄[48;2;212;213;213m[38;2;247;248;249m▄[48;2;247;248;249m▄▄▄▄▄▄[48;2;135;135;136m[38;2;135;135;136m▄[39m[49m │
 │ [48;2;0;0;0m[38;2;0;0;0m▄▄▄▄▄▄[39m[49m                                                                     │
 │ [48;2;0;0;0m[38;2;0;0;0m▄▄▄▄▄▄[48;2;152;153;153m[38;2;151;153;153m▄[48;2;249;250;251m[38;2;249;250;251m▄▄▄▄▄▄▄▄[48;2;248;248;249m▄[48;2;192;194;194m[38;2;248;249;250m▄[48;2;181;184;185m[38;2;218;220;221m▄[48;2;181;184;184m[38;2;177;181;180m▄[48;2;180;183;183m[38;2;179;182;182m▄[38;2;179;182;181m▄[48;2;102;157;103m[38;2;104;157;106m▄[48;2;0;124;0m[38;2;0;117;0m▄[48;2;0;108;0m[38;2;0;125;0m▄[48;2;0;154;0m[38;2;0;132;0m▄[48;2;0;123;0m[38;2;0;122;0m▄▄[38;2;0;121;0m▄[48;2;0;122;0m▄▄▄▄[48;2;0;121;0m[38;2;0;120;0m▄▄▄▄[48;2;0;120;0m[38;2;0;119;0m▄▄▄[38;2;0;117;0m▄[48;2;0;119;0m[38;2;0;107;0m▄[48;2;0;115;0m[38;2;0;100;0m▄[48;2;0;105;0m▄[48;2;0;99;0m[38;2;0;105;0m▄[48;2;18;157;0m[38;2;0;114;0m▄[48;2;1;170;0m[38;2;0;149;0m▄[48;2;0;167;0m[38;2;0;164;0m▄[48;2;0;165;0m[38;2;0;162;0m▄[48;2;0;163;0m[38;2;0;160;0m▄[48;2;0;161;0m[38;2;0;159;0m▄[48;2;0;159;0m[38;2;0;157;0m▄[48;2;0;157;0m[38;2;0;155;0m▄[48;2;0;156;0m[38;2;0;153;0m▄[48;2;0;154;0m[38;2;0;151;0m▄[48;2;0;152;0m[38;2;0;149;0m▄[48;2;0;150;0m[38;2;0;147;0m▄[48;2;0;139;0m[38;2;0;145;0m▄[48;2;0;115;0m[38;2;0;132;0m▄[38;2;0;114;0m▄[48;2;3;115;3m[38;2;1;114;1m▄[48;2;164;165;161m[38;2;163;163;159m▄[48;2;164;164;161m[38;2;161;161;157m▄[48;2;164;164;160m[38;2;211;212;213m▄[48;2;181;181;180m[38;2;246;248;249m▄[48;2;245;246;247m▄[48;2;247;248;249m▄▄▄▄▄▄▄▄[48;2;135;135;136m[38;2;134;135;136m▄[39m[49m │
 │ [48;2;0;0;0m[38;2;0;0;0m▄▄▄▄▄▄[39m[49m                                                                     │
 │ [48;2;0;0;0m[38;2;0;0;0m▄▄▄▄▄▄[48;2;151;152;153m[38;2;151;152;153m▄[48;2;249;249;250m[38;2;249;249;250m▄▄▄▄▄▄▄▄▄▄▄[48;2;239;240;240m▄[48;2;177;178;179m[38;2;247;248;248m▄[48;2;178;180;180m[38;2;190;191;192m▄[48;2;107;157;108m[38;2;110;156;110m▄[48;2;0;110;0m[38;2;0;121;0m▄[48;2;0;149;0m[38;2;0;136;0m▄[48;2;0;121;0m[38;2;0;120;0m▄▄▄[38;2;0;119;0m▄[48;2;0;120;0m▄▄▄[48;2;0;119;0m▄[38;2;0;118;0m▄▄▄▄[48;2;0;118;0m[38;2;0;115;0m▄[38;2;0;106;0m▄[48;2;0;112;0m[38;2;0;100;0m▄[48;2;0;101;0m[38;2;0;101;0m▄[48;2;0;100;0m[38;2;0;110;0m▄[48;2;0;103;0m[38;2;0;116;0m▄[48;2;0;113;0m▄[48;2;0;117;0m▄[38;2;0;115;0m▄[48;2;0;123;0m▄[48;2;0;162;0m[38;2;0;150;0m▄[48;2;0;160;0m[38;2;0;157;0m▄[48;2;0;158;0m[38;2;0;155;0m▄[48;2;0;156;0m[38;2;0;153;0m▄[48;2;0;154;0m[38;2;0;152;0m▄[48;2;0;152;0m[38;2;0;150;0m▄[48;2;0;150;0m[38;2;0;148;0m▄[48;2;0;148;0m[38;2;0;146;0m▄[48;2;0;146;0m[38;2;0;144;0m▄[48;2;0;145;0m[38;2;0;142;0m▄[48;2;0;143;0m[38;2;0;140;0m▄[48;2;0;140;0m[38;2;0;138;0m▄[48;2;0;118;0m[38;2;0;129;0m▄[48;2;1;113;1m[38;2;77;153;78m▄[48;2;165;165;162m[38;2;244;245;246m▄[48;2;235;236;237m[38;2;246;247;248m▄[48;2;246;247;248m▄▄▄▄▄▄▄▄[38;2;245;246;247m▄▄[48;2;245;246;247m▄[48;2;134;135;135m[38;2;134;135;135m▄[39m[49m │
 │ [48;2;0;0;0m[38;2;0;0;0m▄▄▄▄▄▄[39m[49m                                                                     │
 │ [48;2;0;0;0m[38;2;0;0;0m▄▄▄▄▄▄[48;2;151;152;153m[38;2;151;152;153m▄[48;2;248;249;250m[38;2;248;249;250m▄▄▄▄▄▄▄▄▄▄▄▄▄[48;2;247;249;249m▄[48;2;188;208;190m▄[48;2;3;144;3m[38;2;204;231;205m▄[48;2;0;120;0m[38;2;35;136;36m▄[48;2;0;119;0m[38;2;0;118;0m▄▄▄[48;2;0;118;0m[38;2;0;117;0m▄▄▄▄[48;2;0;117;0m▄[38;2;0;116;0m▄▄[38;2;0;113;0m▄[48;2;0;114;0m[38;2;0;101;0m▄[48;2;0;102;0m[38;2;0;100;0m▄[48;2;0;100;0m[38;2;0;108;0m▄[48;2;0;104;0m[38;2;0;115;0m▄[48;2;0;114;0m▄[48;2;0;115;0m[38;2;0;114;0m▄▄▄▄▄[48;2;0;114;0m[38;2;0;113;0m▄[48;2;0;144;0m[38;2;0;143;0m▄[48;2;0;154;0m[38;2;0;152;0m▄[48;2;0;153;0m[38;2;0;150;0m▄[48;2;0;151;0m[38;2;0;148;0m▄[48;2;0;149;0m[38;2;0;146;0m▄[48;2;0;147;0m[38;2;0;144;0m▄[48;2;0;145;0m[38;2;0;142;0m▄[48;2;0;143;0m[38;2;0;141;0m▄[48;2;0;141;0m[38;2;0;139;0m▄[48;2;0;140;0m[38;2;0;137;0m▄[48;2;0;138;0m[38;2;29;148;30m▄[48;2;4;138;4m[38;2;191;222;193m▄[48;2;135;196;137m[38;2;245;247;248m▄[48;2;245;247;248m▄▄▄▄▄▄▄[38;2;244;246;247m▄▄[48;2;244;246;247m▄▄[38;2;243;245;246m▄▄[48;2;243;245;246m▄[48;2;134;135;135m[38;2;134;135;135m▄[39m[49m │
 │ [48;2;0;0;0m[38;2;0;0;0m▄▄▄▄▄▄[39m[49m                                                                     │
 │ [48;2;0;0;0m[38;2;0;0;0m▄▄▄▄▄▄[48;2;150;151;152m[38;2;150;150;151m▄[48;2;248;249;250m[38;2;248;248;249m▄[38;2;248;249;249m▄▄▄▄▄▄▄▄▄▄▄▄▄▄▄[48;2;234;242;236m▄[48;2;87;164;88m[38;2;247;247;248m▄[48;2;0;117;0m[38;2;153;197;154m▄[38;2;3;118;3m▄[48;2;0;116;0m[38;2;0;115;0m▄▄▄▄[48;2;0;115;0m▄[38;2;0;110;0m▄[48;2;0;111;0m[38;2;0;100;0m▄[48;2;0;101;0m[38;2;0;101;0m▄[48;2;0;100;0m[38;2;0;111;0m▄[48;2;0;110;0m[38;2;0;113;0m▄[48;2;0;114;0m▄▄▄[38;2;0;112;0m▄[48;2;0;113;0m▄▄▄[48;2;0;112;0m▄[38;2;0;120;0m▄[48;2;0;149;0m[38;2;0;149;0m▄[38;2;0;147;0m▄[48;2;0;148;0m[38;2;0;145;0m▄[48;2;0;146;0m[38;2;0;143;0m▄[48;2;0;144;0m[38;2;0;141;0m▄[48;2;0;142;0m[38;2;0;139;0m▄[48;2;0;140;0m[38;2;0;137;0m▄[48;2;0;138;0m[38;2;4;137;4m▄[48;2;0;136;0m[38;2;135;196;137m▄[48;2;74;168;75m[38;2;245;246;247m▄[48;2;227;238;230m▄[48;2;245;247;248m▄▄▄▄▄▄[38;2;244;245;246m▄▄[48;2;244;246;247m▄[38;2;243;244;245m▄▄[48;2;243;245;246m▄▄[38;2;242;243;244m▄▄[48;2;242;244;245m▄[48;2;134;135;135m[38;2;134;134;135m▄[39m[49m │
 │ [48;2;0;0;0m[38;2;0;0;0m▄▄▄▄▄▄[39m[49m                                                                     │
 │ [48;2;0;0;0m[38;2;0;0;0m▄▄▄▄▄▄[48;2;149;150;151m[38;2;149;149;150m▄[48;2;247;248;249m[38;2;247;248;249m▄▄▄[48;2;247;249;249m▄▄[38;2;247;249;249m▄▄▄▄▄▄▄▄▄▄▄▄▄▄[48;2;203;224;205m▄[48;2;35;132;35m[38;2;233;241;236m▄[48;2;0;114;0m[38;2;87;160;88m▄[38;2;0;113;0m▄[38;2;0;111;0m▄[48;2;0;111;0m[38;2;0;101;0m▄[48;2;0;101;0m▄[48;2;0;100;0m[38;2;0;109;0m▄[48;2;0;111;0m[38;2;0;112;0m▄[48;2;0;113;0m▄[48;2;0;112;0m[38;2;0;111;0m▄▄▄▄[48;2;0;111;0m[38;2;0;110;0m▄▄▄▄[48;2;0;110;0m[38;2;0;117;0m▄[48;2;0;136;0m[38;2;0;145;0m▄[48;2;0;146;0m[38;2;0;144;0m▄[48;2;0;144;0m[38;2;0;142;0m▄[48;2;0;142;0m[38;2;0;140;0m▄[48;2;0;140;0m[38;2;0;138;0m▄[48;2;0;138;0m[38;2;0;136;0m▄[48;2;0;137;0m[38;2;74;168;75m▄[48;2;29;148;29m[38;2;226;237;229m▄[48;2;190;221;192m[38;2;244;246;247m▄[48;2;244;246;247m▄▄▄▄▄[38;2;243;245;246m▄▄[48;2;243;245;246m▄▄[38;2;242;244;245m▄▄[48;2;242;244;245m▄▄[38;2;241;243;244m▄[48;2;241;243;244m▄▄[38;2;240;242;243m▄▄[48;2;240;242;243m▄[48;2;132;133;134m[38;2;132;133;134m▄[39m[49m │
 │ [48;2;0;0;0m[38;2;0;0;0m▄▄▄▄▄▄[39m[49m                                                                     │
 │ [48;2;0;0;0m[38;2;0;0;0m▄▄▄▄▄▄[48;2;148;149;150m[38;2;148;149;149m▄[48;2;247;248;249m[38;2;247;247;248m▄▄[38;2;247;248;248m▄▄▄▄[48;2;247;249;249m▄▄[38;2;247;248;249m▄▄▄▄▄▄▄▄▄▄▄▄▄[48;2;246;247;248m▄[48;2;152;196;154m▄[48;2;3;105;3m[38;2;204;222;205m▄[48;2;0;100;0m[38;2;35;124;35m▄[48;2;0;108;0m[38;2;0;110;0m▄[48;2;0;111;0m▄▄▄[48;2;0;110;0m[38;2;0;109;0m▄▄▄▄[48;2;0;109;0m[38;2;0;108;0m▄▄▄[48;2;0;110;0m[38;2;0;130;0m▄[48;2;0;139;0m[38;2;0;142;0m▄[48;2;0;143;0m[38;2;0;140;0m▄[48;2;0;141;0m[38;2;0;138;0m▄[48;2;0;139;0m[38;2;0;136;0m▄[48;2;0;137;0m[38;2;29;147;29m▄[48;2;4;137;4m[38;2;190;220;192m▄[48;2;135;195;137m[38;2;244;245;246m▄[48;2;244;246;247m▄▄▄▄▄[38;2;243;244;245m▄▄[48;2;243;245;246m▄▄[38;2;242;243;244m▄[48;2;242;244;245m▄▄[38;2;241;242;243m▄▄[48;2;241;243;244m▄▄[38;2;240;241;242m▄▄[48;2;240;242;243m▄[38;2;239;240;241m▄▄[48;2;239;241;242m▄[48;2;132;133;134m[38;2;132;133;133m▄[39m[49m │
 │ [48;2;0;0;0m[38;2;0;0;0m▄▄▄▄▄▄[39m[49m                                                                     │
 │ [48;2;0;0;0m[38;2;0;0;0m▄▄▄▄▄▄[48;2;148;149;149m[38;2;147;148;148m▄[48;2;246;247;248m[38;2;246;247;248m▄▄▄▄[48;2;246;248;248m▄[38;2;246;248;248m▄▄▄▄▄[48;2;246;248;249m▄[48;2;247;248;249m[38;2;246;248;249m▄▄[38;2;247;248;249m▄▄▄▄▄▄▄▄▄▄▄[48;2;233;240;235m▄[48;2;87;157;88m[38;2;244;245;246m▄[48;2;0;109;0m[38;2;172;203;174m▄[38;2;164;199;165m▄[48;2;0;108;0m[38;2;163;198;165m▄[38;2;163;197;165m▄[38;2;163;198;165m▄[38;2;164;199;166m▄▄[48;2;0;107;0m▄[38;2;163;200;165m▄[48;2;0;119;0m[38;2;165;211;167m▄[48;2;0;141;0m[38;2;164;210;166m▄[48;2;0;140;0m[38;2;164;209;166m▄[48;2;0;138;0m[38;2;164;208;166m▄[48;2;0;136;0m[38;2;173;213;175m▄[48;2;74;167;74m[38;2;243;245;246m▄[48;2;225;237;228m▄[48;2;243;245;246m▄▄▄[38;2;242;244;245m▄▄[48;2;242;244;245m▄▄[38;2;241;243;244m▄▄[48;2;241;243;244m▄▄[38;2;240;242;243m▄▄[48;2;240;242;243m▄[38;2;239;241;242m▄▄[48;2;239;241;242m▄▄[38;2;238;240;241m▄▄[48;2;238;240;241m▄▄[38;2;237;239;240m▄▄[48;2;131;133;133m[38;2;131;133;133m▄[39m[49m │
 │ [48;2;0;0;0m[38;2;0;0;0m▄▄▄▄▄▄[39m[49m                                                                     │
 │ [48;2;0;0;0m[38;2;0;0;0m▄▄▄▄▄▄[48;2;147;148;148m[38;2;146;148;148m▄[48;2;246;247;248m[38;2;245;247;248m▄▄▄▄▄▄▄[48;2;246;248;248m▄▄[38;2;245;248;248m▄▄▄[38;2;246;248;248m▄[48;2;246;248;249m▄▄[48;2;247;248;249m[38;2;246;248;249m▄▄▄▄▄▄▄▄[38;2;237;240;241m▄[48;2;244;245;246m[38;2;234;237;237m▄[48;2;237;238;239m[38;2;235;238;238m▄[48;2;236;237;238m[38;2;235;237;238m▄[48;2;238;239;240m[38;2;237;239;240m▄▄[48;2;238;240;241m[38;2;237;240;241m▄[48;2;239;241;242m[38;2;238;241;242m▄[48;2;240;242;243m[38;2;239;242;243m▄▄[48;2;241;243;244m[38;2;240;243;244m▄▄[48;2;242;244;245m[38;2;241;244;245m▄▄[48;2;243;245;246m[38;2;242;245;246m▄▄▄▄▄▄▄[48;2;242;244;245m[38;2;241;244;245m▄▄[38;2;240;243;244m▄[48;2;241;243;244m▄▄[38;2;239;242;243m▄▄[48;2;240;242;243m▄▄[38;2;238;241;242m▄▄[48;2;239;241;242m▄▄[38;2;237;240;241m▄[48;2;238;240;241m▄▄[38;2;236;239;240m▄▄[48;2;237;239;240m▄▄[38;2;235;238;239m▄▄[48;2;130;132;132m[38;2;130;132;132m▄[39m[49m │
 │ [48;2;0;0;0m[38;2;0;0;0m▄▄▄▄▄▄[39m[49m                                                                     │
 │ [48;2;0;0;0m[38;2;0;0;0m▄▄▄▄▄▄[48;2;145;146;147m[38;2;145;146;147m▄[48;2;245;246;247m[38;2;245;246;247m▄▄▄▄▄▄[48;2;245;247;247m▄[38;2;245;247;247m▄▄▄▄[48;2;245;247;248m▄[38;2;245;247;248m▄▄[48;2;246;247;248m▄▄[38;2;246;247;248m▄▄▄▄[38;2;241;243;244m▄[48;2;245;246;247m[38;2;230;232;233m▄[48;2;234;236;236m[38;2;231;233;234m▄[48;2;232;234;235m[38;2;232;234;235m▄[48;2;234;236;237m[38;2;234;236;237m▄[48;2;235;237;238m[38;2;235;237;238m▄[48;2;235;237;237m[38;2;235;237;237m▄[48;2;237;238;239m[38;2;237;238;239m▄▄[48;2;237;239;240m[38;2;237;239;240m▄[48;2;238;240;241m[38;2;238;240;241m▄[48;2;239;241;242m[38;2;239;241;242m▄▄[48;2;240;242;243m[38;2;240;242;243m▄▄[48;2;241;243;244m[38;2;241;243;244m▄▄[48;2;242;244;245m[38;2;242;244;245m▄▄▄▄▄▄▄[48;2;241;243;244m▄[48;2;240;242;243m[38;2;241;243;244m▄[38;2;239;241;242m▄▄[48;2;239;241;242m▄[38;2;238;240;241m▄▄[48;2;238;240;241m▄▄[38;2;237;239;240m▄▄[48;2;237;239;240m▄▄[38;2;236;238;239m▄▄[48;2;236;238;239m▄▄[38;2;235;237;238m▄[48;2;235;237;238m▄▄[38;2;234;236;237m▄▄[48;2;130;131;132m[38;2;130;131;132m▄[39m[49m │
 │ [48;2;0;0;0m[38;2;0;0;0m▄▄▄▄▄▄[39m[49m                                                                     │
 │ [48;2;0;0;0m[38;2;0;0;0m▄▄▄▄▄▄[48;2;145;146;147m[38;2;143;145;146m▄[48;2;244;246;247m[38;2;243;246;247m▄[38;2;244;246;247m▄[48;2;245;246;247m▄▄▄▄▄▄▄[48;2;245;247;247m▄▄[38;2;244;247;247m▄▄▄[48;2;245;247;248m▄[38;2;245;247;247m▄[38;2;245;247;248m▄[38;2;243;245;246m▄[38;2;230;233;234m▄[48;2;236;238;239m[38;2;227;230;231m▄[48;2;229;231;232m[38;2;228;231;232m▄[48;2;230;232;233m[38;2;229;232;233m▄[48;2;231;233;234m[38;2;230;233;234m▄[48;2;232;234;235m[38;2;231;234;235m▄[48;2;234;236;237m[38;2;233;236;237m▄[48;2;235;237;238m[38;2;234;237;238m▄[48;2;235;237;237m[38;2;234;237;237m▄[48;2;237;238;239m[38;2;236;238;239m▄▄[48;2;237;239;240m[38;2;237;239;240m▄[48;2;238;240;241m[38;2;237;240;241m▄[48;2;239;241;242m[38;2;238;241;242m▄▄[48;2;240;242;243m[38;2;239;242;243m▄▄[48;2;241;243;244m[38;2;240;243;244m▄▄[48;2;242;244;245m[38;2;241;244;245m▄▄▄▄▄▄▄▄▄[48;2;241;243;244m▄[48;2;240;242;243m▄[48;2;238;240;241m[38;2;238;241;242m▄[38;2;237;240;241m▄[38;2;236;239;240m▄[48;2;237;239;240m▄▄▄[38;2;235;238;239m▄[48;2;236;238;239m▄▄[38;2;234;237;238m▄▄[48;2;235;237;238m▄▄[38;2;233;236;237m▄▄[48;2;234;236;237m▄[38;2;232;235;236m▄▄[48;2;130;131;132m[38;2;130;131;132m▄[39m[49m │
 │ [48;2;0;0;0m[38;2;0;0;0m▄▄▄▄▄▄[39m[49m                                                                     │
 │ [48;2;0;0;0m[38;2;0;0;0m▄▄▄▄▄▄[48;2;143;145;145m[38;2;143;144;144m▄[48;2;243;245;246m[38;2;243;245;246m▄▄▄[48;2;244;245;246m▄[38;2;244;245;246m▄▄▄▄▄[48;2;244;246;246m▄▄[38;2;244;246;246m▄▄[48;2;244;246;247m▄[38;2;243;245;246m▄[38;2;232;234;234m▄[48;2;238;240;241m[38;2;223;224;225m▄[48;2;225;227;228m[38;2;225;226;227m▄[38;2;225;227;228m▄[48;2;227;229;230m[38;2;227;229;230m▄[48;2;228;230;231m[38;2;228;230;231m▄[48;2;229;231;232m[38;2;229;231;232m▄[48;2;230;232;233m[38;2;230;232;233m▄[48;2;231;233;234m[38;2;231;233;234m▄[48;2;233;235;236m[38;2;233;235;236m▄[48;2;234;236;237m[38;2;234;236;237m▄▄[48;2;236;238;238m[38;2;236;238;238m▄▄[48;2;237;238;239m[38;2;237;238;239m▄[48;2;237;239;240m[38;2;237;239;240m▄[48;2;238;240;241m[38;2;238;240;241m▄▄[48;2;239;241;242m[38;2;239;241;242m▄▄[48;2;240;242;243m[38;2;240;242;243m▄▄[48;2;241;243;244m[38;2;241;243;244m▄▄▄▄▄▄▄▄▄▄▄▄[48;2;238;240;241m▄[48;2;236;238;239m[38;2;239;241;242m▄[38;2;236;238;239m▄[48;2;235;237;238m[38;2;235;237;238m▄▄[38;2;234;236;237m▄[48;2;234;236;237m▄▄[38;2;233;235;236m▄▄[48;2;233;235;236m▄▄[38;2;232;234;235m▄▄[48;2;232;234;235m▄▄[38;2;231;233;234m▄[48;2;130;130;131m[38;2;130;130;131m▄[39m[49m │
 │ [48;2;0;0;0m[38;2;0;0;0m▄▄▄▄▄▄[39m[49m                                                                     │
 │ [48;2;0;0;0m[38;2;0;0;0m▄▄▄▄▄▄[48;2;143;144;144m[38;2;142;144;144m▄[48;2;243;245;246m[38;2;242;245;246m▄▄▄▄[38;2;243;245;246m▄▄[48;2;244;245;246m▄▄▄▄▄▄[38;2;235;238;239m▄[48;2;241;243;244m[38;2;219;221;222m▄[48;2;226;228;229m[38;2;220;222;223m▄[48;2;222;223;224m[38;2;221;223;224m▄[48;2;223;224;225m[38;2;222;224;225m▄[48;2;225;226;227m[38;2;224;226;227m▄[48;2;225;227;228m[38;2;225;227;228m▄[48;2;227;229;230m[38;2;227;229;230m▄[48;2;228;230;231m[38;2;227;230;231m▄[48;2;229;231;232m[38;2;228;231;232m▄[48;2;230;232;233m[38;2;229;232;233m▄[48;2;231;233;234m[38;2;230;233;234m▄[48;2;233;235;236m[38;2;232;235;236m▄[48;2;234;236;237m[38;2;233;236;237m▄▄[48;2;236;238;238m[38;2;235;238;238m▄▄[48;2;237;238;239m[38;2;236;238;239m▄[48;2;237;239;240m[38;2;237;239;240m▄[48;2;238;240;241m[38;2;238;240;241m▄[38;2;237;240;241m▄[48;2;239;241;242m[38;2;238;241;242m▄▄[48;2;240;242;243m[38;2;239;242;243m▄▄[48;2;241;243;244m[38;2;240;243;244m▄▄▄▄▄▄▄▄▄▄▄▄▄▄[48;2;240;242;243m▄[48;2;235;237;238m▄[48;2;234;236;237m[38;2;236;239;240m▄[38;2;232;235;236m▄▄[48;2;233;235;236m▄▄[38;2;231;234;235m▄[48;2;232;234;235m▄▄[38;2;230;233;234m▄▄[48;2;231;233;234m▄▄[38;2;229;232;233m▄[48;2;130;130;131m[38;2;129;130;131m▄[39m[49m │
 │ [48;2;0;0;0m[38;2;0;0;0m▄▄▄▄▄▄[39m[49m                                                                     │
 │ [48;2;0;0;0m[38;2;0;0;0m▄▄▄▄▄▄[48;2;142;143;143m[38;2;141;142;143m▄[48;2;242;245;245m[38;2;242;244;244m▄[38;2;242;244;245m▄[48;2;242;245;246m▄▄▄▄[48;2;243;245;246m▄▄[38;2;243;244;245m▄[38;2;239;241;241m▄[48;2;242;244;245m[38;2;219;220;221m▄[48;2;227;230;231m[38;2;214;216;217m▄[48;2;216;219;219m[38;2;216;218;219m▄[48;2;218;221;221m[38;2;218;220;221m▄[48;2;220;222;223m[38;2;220;222;222m▄[48;2;221;223;224m[38;2;221;223;223m▄[48;2;222;224;225m[38;2;222;224;224m▄[48;2;224;226;227m[38;2;224;225;226m▄[48;2;225;227;228m[38;2;225;226;227m▄[48;2;227;229;230m[38;2;227;228;229m▄[48;2;227;230;231m[38;2;227;229;230m▄[48;2;228;231;232m[38;2;228;230;231m▄[48;2;229;232;233m[38;2;229;231;232m▄[48;2;230;233;234m[38;2;230;232;233m▄[48;2;232;235;236m[38;2;232;234;235m▄[48;2;233;236;237m[38;2;233;235;236m▄▄[48;2;235;238;238m[38;2;235;237;238m▄▄[48;2;236;238;239m[38;2;236;237;238m▄[48;2;237;239;240m[38;2;237;238;239m▄[48;2;238;240;241m[38;2;238;239;240m▄[48;2;237;240;241m[38;2;237;239;240m▄[48;2;238;241;242m[38;2;238;240;241m▄▄[48;2;239;242;243m[38;2;239;241;242m▄▄[48;2;240;243;244m[38;2;240;242;243m▄▄▄▄▄▄▄▄▄▄▄▄▄▄▄▄▄[48;2;237;240;241m▄[48;2;233;236;237m[38;2;238;240;241m▄[48;2;231;234;235m[38;2;232;234;235m▄[38;2;231;233;234m▄[38;2;230;232;233m▄[48;2;230;233;234m▄▄▄[38;2;229;231;232m▄[48;2;229;232;233m▄▄[38;2;228;230;231m▄[48;2;129;130;131m[38;2;129;130;130m▄[39m[49m │
 │ [48;2;0;0;0m[38;2;0;0;0m▄▄▄▄▄▄[39m[49m                                                                     │
 │ [48;2;0;0;0m[38;2;0;0;0m▄▄▄▄▄▄[48;2;140;142;143m[38;2;140;142;143m▄[48;2;241;244;244m[38;2;241;243;244m▄▄[38;2;241;244;244m▄[48;2;241;244;245m▄▄[38;2;241;244;245m▄[38;2;240;243;244m▄[38;2;222;225;226m▄[48;2;231;234;234m[38;2;209;211;212m▄[48;2;212;215;216m[38;2;211;213;214m▄[48;2;211;214;215m[38;2;211;214;215m▄[48;2;213;216;217m[38;2;213;216;217m▄[48;2;215;218;219m[38;2;215;218;219m▄[48;2;217;220;221m[38;2;217;220;221m▄[48;2;219;222;222m[38;2;219;222;222m▄[48;2;220;223;223m[38;2;220;223;223m▄[48;2;221;224;224m[38;2;221;224;224m▄[48;2;223;225;226m[38;2;223;225;226m▄[48;2;224;226;227m[38;2;224;226;227m▄[48;2;226;228;229m[38;2;226;228;229m▄[48;2;227;229;230m[38;2;227;229;230m▄[48;2;227;230;231m[38;2;227;230;231m▄[48;2;228;231;232m[38;2;228;231;232m▄[48;2;229;232;233m[38;2;229;232;233m▄[48;2;231;234;235m[38;2;231;234;235m▄[48;2;232;235;236m[38;2;232;235;236m▄▄[48;2;234;237;238m[38;2;234;237;238m▄▄[48;2;235;237;238m[38;2;235;237;238m▄[48;2;236;238;239m[38;2;236;238;239m▄[48;2;237;239;240m[38;2;237;239;240m▄[48;2;236;239;240m[38;2;236;239;240m▄[48;2;237;240;241m[38;2;237;240;241m▄▄[48;2;238;241;242m[38;2;238;241;242m▄▄[48;2;239;242;243m[38;2;239;242;243m▄▄▄▄▄▄▄▄▄▄▄▄▄▄▄▄▄▄▄▄[48;2;232;235;236m▄[48;2;229;232;233m[38;2;234;237;238m▄[38;2;229;232;233m▄[48;2;228;231;232m[38;2;228;231;232m▄▄[38;2;227;230;231m▄[48;2;227;230;231m▄▄[38;2;226;229;230m▄[48;2;128;130;130m[38;2;127;129;129m▄[39m[49m │
 │ [48;2;0;0;0m[38;2;0;0;0m▄▄▄▄▄▄[39m[49m                                                                     │
 │ [48;2;0;0;0m[38;2;0;0;0m▄▄▄▄▄▄[48;2;139;141;142m[38;2;139;140;141m▄[48;2;241;243;244m[38;2;240;242;243m▄[38;2;241;242;243m▄▄▄[48;2;241;244;244m[38;2;229;230;231m▄[48;2;236;239;240m[38;2;206;207;208m▄[48;2;212;215;216m[38;2;204;205;206m▄[48;2;207;209;210m[38;2;207;208;209m▄[48;2;209;211;212m[38;2;209;210;211m▄[48;2;211;213;214m[38;2;211;212;213m▄[48;2;211;214;215m[38;2;211;213;214m▄[48;2;213;216;217m[38;2;213;215;216m▄[48;2;215;218;219m[38;2;215;217;218m▄[48;2;217;220;221m[38;2;217;219;220m▄[48;2;219;222;222m[38;2;219;221;222m▄[48;2;220;223;223m[38;2;220;222;223m▄[48;2;221;224;224m[38;2;221;223;224m▄[48;2;223;225;226m[38;2;223;225;225m▄[48;2;224;226;227m[38;2;224;225;226m▄[48;2;226;228;229m[38;2;226;227;228m▄[48;2;227;229;230m[38;2;227;228;229m▄[48;2;227;230;231m[38;2;227;229;230m▄[48;2;228;231;232m[38;2;228;230;231m▄[48;2;229;232;233m[38;2;229;231;232m▄[48;2;231;234;235m[38;2;231;233;234m▄[48;2;232;235;236m[38;2;232;234;235m▄▄[48;2;234;237;238m[38;2;234;236;237m▄▄[48;2;235;237;238m[38;2;235;237;237m▄[48;2;236;238;239m[38;2;236;237;238m▄[48;2;237;239;240m[38;2;237;238;239m▄[48;2;236;239;240m[38;2;236;238;239m▄[48;2;237;240;241m[38;2;237;239;240m▄▄[48;2;238;241;242m[38;2;238;240;241m▄▄[48;2;239;242;243m[38;2;239;241;242m▄▄▄▄▄▄▄▄▄▄▄▄▄▄▄▄▄▄▄▄▄▄[48;2;237;240;241m▄[48;2;229;232;233m▄[48;2;227;230;231m[38;2;231;233;234m▄[38;2;226;228;229m▄▄[48;2;226;229;230m▄▄[48;2;127;129;129m[38;2;127;129;129m▄[39m[49m │
 │ [48;2;0;0;0m[38;2;0;0;0m▄▄▄▄▄▄[39m[49m                                                                     │
 │ [48;2;0;0;0m[38;2;0;0;0m▄▄▄▄▄▄[48;2;138;140;141m[38;2;137;139;140m▄[48;2;239;242;243m[38;2;239;242;243m▄[48;2;240;242;243m[38;2;234;236;237m▄[48;2;239;241;242m[38;2;205;207;208m▄[48;2;218;220;221m[38;2;197;200;201m▄[48;2;200;203;203m[38;2;200;203;203m▄[48;2;202;205;205m[38;2;202;205;205m▄[48;2;203;205;206m[38;2;203;205;206m▄[48;2;206;208;209m[38;2;206;208;209m▄[48;2;208;210;211m[38;2;208;210;211m▄[48;2;210;212;213m[38;2;210;212;213m▄[48;2;211;213;214m[38;2;211;213;214m▄[48;2;213;215;216m[38;2;213;215;216m▄[48;2;214;217;218m[38;2;214;217;218m▄[48;2;216;219;220m[38;2;216;219;220m▄[48;2;218;221;222m[38;2;218;221;222m▄[48;2;219;222;223m[38;2;219;222;223m▄[48;2;220;223;224m[38;2;220;223;224m▄[48;2;222;225;225m[38;2;222;225;225m▄[48;2;223;225;226m[38;2;223;225;226m▄[48;2;225;227;228m[38;2;225;227;228m▄[48;2;226;228;229m[38;2;226;228;229m▄[48;2;227;229;230m[38;2;227;229;230m▄[48;2;227;230;231m[38;2;227;230;231m▄[48;2;228;231;232m[38;2;228;231;232m▄[48;2;230;233;234m[38;2;230;233;234m▄[48;2;231;234;235m[38;2;231;234;235m▄▄[48;2;233;236;237m[38;2;233;236;237m▄▄[48;2;234;237;237m[38;2;234;237;237m▄[48;2;235;237;238m[38;2;235;237;238m▄[48;2;236;238;239m[38;2;236;238;239m▄[48;2;235;238;239m[38;2;235;238;239m▄[48;2;236;239;240m[38;2;236;239;240m▄▄[48;2;237;240;241m[38;2;237;240;241m▄▄[48;2;238;241;242m[38;2;238;241;242m▄▄▄▄▄▄▄▄▄▄▄▄▄▄▄▄▄▄▄▄▄▄▄▄▄[48;2;233;236;237m▄[48;2;226;229;230m[38;2;235;238;239m▄[48;2;224;227;228m[38;2;226;229;230m▄[38;2;224;227;228m▄[48;2;127;129;129m[38;2;127;129;129m▄[39m[49m │
 │ [48;2;0;0;0m[38;2;0;0;0m▄▄▄▄▄▄[39m[49m                                                                     │
 │ [48;2;0;0;0m[38;2;0;0;0m▄▄▄▄▄▄[48;2;137;139;140m[38;2;48;48;48m▄[48;2;209;211;212m[38;2;122;124;124m▄▄[38;2;123;125;125m▄▄[38;2;124;126;126m▄[38;2;125;127;127m▄▄▄[38;2;126;128;128m▄▄▄[38;2;127;129;129m▄[38;2;128;130;130m▄▄▄▄▄[38;2;129;131;131m▄▄▄▄[38;2;130;132;132m▄▄▄▄[38;2;131;133;133m▄[38;2;130;132;132m▄▄▄[38;2;131;133;133m▄▄▄[38;2;130;132;132m▄▄[38;2;131;133;133m▄[38;2;130;132;132m▄▄▄▄▄▄▄▄▄▄▄▄▄▄▄▄▄▄▄▄▄▄▄▄▄▄▄▄▄▄▄[48;2;127;129;129m[38;2;46;46;46m▄[39m[49m │
 │ [48;2;0;0;0m[38;2;0;0;0m▄▄▄▄▄▄[39m[49m                                                                     │
 │ [48;2;0;0;0m[38;2;0;0;0m▄▄▄▄▄▄▄▄▄▄▄▄▄▄▄▄▄▄▄▄▄▄▄▄▄▄▄▄▄▄▄▄▄▄▄▄▄▄▄▄▄▄▄▄▄▄▄▄▄▄▄▄▄▄▄▄▄▄▄▄▄▄▄▄▄▄▄▄▄▄▄▄▄▄[39m[49m │
 │ [48;2;0;0;0m[38;2;0;0;0m▄▄▄▄▄▄[39m[49m                                                                     │
 │ [48;2;0;0;0m[38;2;0;0;0m▄▄▄▄▄▄▄▄▄▄▄▄▄▄▄▄▄▄▄▄▄▄▄▄▄▄▄▄▄▄▄▄▄▄▄▄▄▄▄▄▄▄▄▄▄▄▄▄▄▄▄▄▄▄▄▄▄▄▄▄▄▄▄▄▄▄▄▄▄▄▄▄▄▄[39m[49m │
 │ [48;2;0;0;0m[38;2;0;0;0m▄▄▄▄▄▄[39m[49m                                                                     │
 │ [48;2;0;0;0m[38;2;0;0;0m▄▄▄▄▄▄▄▄▄▄▄▄▄▄▄▄▄▄▄▄▄▄▄▄▄▄▄▄▄▄▄▄▄▄▄▄▄▄▄▄▄▄▄▄▄▄▄▄▄▄▄▄▄▄▄▄▄▄▄▄▄▄▄▄▄▄▄▄▄▄▄▄▄▄[39m[49m │
 │ [48;2;0;0;0m[38;2;0;0;0m▄▄▄▄▄▄[39m[49m                                                                     │
 │                                                                            │
 │                                                                            │
 ╰────────────────────────────────────────────────────────────────────────────╯

